lastAccountName: zPedroMS
timestamps:
  login: 1484905414445
  logout: 1484905495415
ipAddress: 95.57.241.78
lastlocation:
  world: world
  x: -1033.9443218341999
  y: 63.0
  z: -237.7703683892934
  yaw: 1.0526123
  pitch: 27.750122
logoutlocation:
  world: world
  x: -1022.9250000119209
  y: 68.0
  z: -201.7433397437686
  yaw: -82.49725
  pitch: 18.599993
socialspy: false
