lastAccountName: DaNiK221
timestamps:
  login: 1485012537774
  lastteleport: 1485012923335
  logout: 1485012921972
ipAddress: 178.122.35.239
lastlocation:
  world: world
  x: -1035.3032264343296
  y: 72.0
  z: -46.26705992242182
  yaw: -170.3968
  pitch: 10.200168
logoutlocation:
  world: world
  x: 988.5
  y: 49.0
  z: -2810.5
  yaw: 353.2815
  pitch: 46.49989
