lastAccountName: Skipper
timestamps:
  login: 1484994969874
  logout: 1484994974093
ipAddress: 176.8.179.231
lastlocation:
  world: world
  x: -1033.9443218341999
  y: 63.0
  z: -237.7703683892934
  yaw: 1.0526123
  pitch: 27.750122
logoutlocation:
  world: world
  x: -1033.9443218341999
  y: 63.0
  z: -237.7703683892934
  yaw: 1.0526123
  pitch: 27.750122
socialspy: false
