lastAccountName: MrYellow25
timestamps:
  login: 1484931598991
  logout: 1484931647476
ipAddress: 37.78.83.227
lastlocation:
  world: world
  x: -1033.9443218341999
  y: 63.0
  z: -237.7703683892934
  yaw: 1.0526123
  pitch: 27.750122
logoutlocation:
  world: world
  x: -1031.699999988079
  y: 67.0
  z: -201.55491848941256
  yaw: -261.1492
  pitch: 13.350118
socialspy: false
