lastAccountName: maks13
timestamps:
  login: 1484996190268
  lastteleport: 1484995615203
  logout: 1484996285440
ipAddress: 94.179.208.216
lastlocation:
  world: world
  x: 2624.699999988079
  y: 61.0
  z: 838.6411788210069
  yaw: -66.749146
  pitch: 10.199992
logoutlocation:
  world: world
  x: 2628.3614531752723
  y: 65.0
  z: 878.3000000119209
  yaw: -1.6500549
  pitch: 9.449996
socialspy: false
