lastAccountName: sniper10
timestamps:
  login: 1484921739133
  logout: 1484922024045
ipAddress: 185.13.134.73
lastlocation:
  world: world
  x: -1033.9443218341999
  y: 63.0
  z: -237.7703683892934
  yaw: 1.0526123
  pitch: 27.750122
logoutlocation:
  world: world
  x: -844.9933873411296
  y: 61.32555800479604
  z: -146.09031825813003
  yaw: 18.301392
  pitch: 17.099972
