lastAccountName: kiril089
timestamps:
  login: 1484338984754
  logout: 1484339352420
ipAddress: 25.43.30.71
lastlocation:
  world: world
  x: 412.5
  y: 74.0
  z: -35.5
  yaw: 0.0
  pitch: 0.0
logoutlocation:
  world: world
  x: 397.0470977588881
  y: 66.0
  z: -109.73873575291194
  yaw: 332.53235
  pitch: 20.661703
