lastAccountName: Thyoity
timestamps:
  login: 1485013360394
  kits:
    food: 1484934159581
  logout: 1485013383533
ipAddress: 5.166.199.81
lastlocation:
  world: world
  x: -1033.9443218341999
  y: 63.0
  z: -237.7703683892934
  yaw: 1.0526123
  pitch: 27.750122
logoutlocation:
  world: world
  x: -1033.9443218341999
  y: 63.0
  z: -237.7703683892934
  yaw: 1.0526123
  pitch: 27.750122
socialspy: false
