socialspy: false
lastAccountName: Fhavyre
timestamps:
  login: 1497883181343
  logout: 1497881363891
  kits:
    firework: 1484504021527
    donor: 1484517321617
    bonus: 1484508628449
    start: 1484751219935
    vip: 1485006533667
    food: 1484751244709
  lastteleport: 1497882115335
ipAddress: 25.39.230.76
lastlocation:
  world: world
  x: 330.5001035687976
  y: 68.5
  z: 955.8129491664171
  yaw: 159.89331
  pitch: 0.14973804
logoutlocation:
  world: world
  x: -1030.2768559506014
  y: 69.5
  z: -215.46798757657538
  yaw: -103.79874
  pitch: -2.8501208
godmode: false
afk: false
money: '0'
homes:
  home:
    world: world
    x: 2625.1341370907267
    y: 64.0
    z: 841.622968956072
    yaw: 96.60043
    pitch: 4.2000184
