socialspy: false
lastAccountName: Fhavyre
timestamps:
  login: 1497950400130
  logout: 1497950448761
  kits:
    firework: 1497893761906
    donor: 1484517321617
    premium: 1497893751078
    bonus: 1484508628449
    start: 1497893718517
    vip: 1497893737858
    food: 1497893733045
  lastteleport: 1497892872789
ipAddress: 25.39.230.76
lastlocation:
  world: world
  x: 332.63883440018185
  y: 69.0
  z: 908.0207735350318
  yaw: 191.39662
  pitch: 31.050047
logoutlocation:
  world: world
  x: -1033.8502975318659
  y: 63.5
  z: -216.71914551712368
  yaw: 102.4501
  pitch: -11.5501375
godmode: false
afk: false
money: '0'
homes:
  home:
    world: world
    x: 2625.1341370907267
    y: 64.0
    z: 841.622968956072
    yaw: 96.60043
    pitch: 4.2000184
