lastAccountName: FlashyMan0
timestamps:
  login: 1484936461883
  logout: 1484936494513
ipAddress: 95.172.108.102
lastlocation:
  world: world
  x: -1033.9443218341999
  y: 63.0
  z: -237.7703683892934
  yaw: 1.0526123
  pitch: 27.750122
logoutlocation:
  world: world
  x: -1033.5
  y: 63.0
  z: -237.5
  yaw: 1.0526123
  pitch: 27.750122
