lastAccountName: saha11
timestamps:
  login: 1484995418837
  logout: 1484996553145
ipAddress: 94.179.208.216
lastlocation:
  world: world
  x: -1033.9443218341999
  y: 63.0
  z: -237.7703683892934
  yaw: 1.0526123
  pitch: 27.750122
afk: false
logoutlocation:
  world: world
  x: -1033.714117101269
  y: 63.5
  z: -231.09429336688228
  yaw: 225.30252
  pitch: 20.850117
