lastAccountName: Rad_Dragon
timestamps:
  login: 1485005319143
  logout: 1485006255961
ipAddress: 91.222.251.50
lastlocation:
  world: world
  x: -1033.9443218341999
  y: 63.0
  z: -237.7703683892934
  yaw: 1.0526123
  pitch: 27.750122
afk: false
logoutlocation:
  world: world
  x: -996.6070302048848
  y: 63.0
  z: -198.33658787840508
  yaw: 81.1528
  pitch: 22.500156
