lastAccountName: Rad_Cermander
timestamps:
  login: 1485102702642
  logout: 1485102706794
ipAddress: 91.222.251.50
lastlocation:
  world: world
  x: -1033.9443218341999
  y: 63.0
  z: -237.7703683892934
  yaw: 1.0526123
  pitch: 27.750122
logoutlocation:
  world: world
  x: -1033.5
  y: 63.0
  z: -237.5
  yaw: 1.0526123
  pitch: 27.750122
