lastAccountName: FLOWER1337
timestamps:
  login: 1470621973869
  logout: 1470575138994
  lastteleport: 1470575544228
  kits:
    bonus: 1470575553553
    start: 1470575548684
    vip: 1470575557061
ipAddress: 127.0.0.1
lastlocation:
  world: world
  x: 411.5
  y: 74.0
  z: -35.5
  yaw: 0.0
  pitch: 0.0
logoutlocation:
  world: world
  x: 403.83030838063945
  y: 70.86512835898047
  z: -59.29311613715035
  yaw: -149.7547
  pitch: 5.549991
socialspy: false
money: '422000'
