lastAccountName: stepan32234
timestamps:
  login: 1484980990343
  logout: 1484981086480
ipAddress: 176.8.179.231
lastlocation:
  world: world
  x: -1033.9443218341999
  y: 63.0
  z: -237.7703683892934
  yaw: 1.0526123
  pitch: 27.750122
logoutlocation:
  world: world
  x: -1050.3567813213394
  y: 63.5
  z: -199.03161616340034
  yaw: 179.10283
  pitch: 26.400106
