lastAccountName: TheSheeps
timestamps:
  login: 1485103622690
  logout: 1485103752737
ipAddress: 185.170.85.244
lastlocation:
  world: world
  x: -1033.9443218341999
  y: 63.0
  z: -237.7703683892934
  yaw: 1.0526123
  pitch: 27.750122
logoutlocation:
  world: world
  x: -1026.6508605756214
  y: 68.0
  z: -200.71093358286967
  yaw: 262.0526
  pitch: 78.0
