lastAccountName: Pink_Blue_Cat
timestamps:
  login: 1485005856108
  logout: 1485005875489
ipAddress: 91.222.251.50
lastlocation:
  world: world
  x: -1033.9443218341999
  y: 63.0
  z: -237.7703683892934
  yaw: 1.0526123
  pitch: 27.750122
logoutlocation:
  world: world
  x: -1033.9443218341999
  y: 63.0
  z: -237.7703683892934
  yaw: 3.0026119
  pitch: 26.550123
socialspy: false
