lastAccountName: MRLauncher_22432
timestamps:
  login: 1484841379328
  logout: 1484841386104
ipAddress: 46.173.12.173
lastlocation:
  world: world
  x: -1033.9443218341999
  y: 63.0
  z: -237.7703683892934
  yaw: 1.0526123
  pitch: 27.750122
logoutlocation:
  world: world
  x: -1033.9443218341999
  y: 63.0
  z: -237.7703683892934
  yaw: -3.747388
  pitch: 30.000122
socialspy: false
