spawns: 
  default: 
    world: world
    x: -1033.9443218341999
    y: 63.0
    z: -237.7703683892934
    yaw: 1.0526123
    pitch: 27.750122
