world: world
x: -1703.4377159009205
y: 251.0
z: -156.27712502745175
yaw: 0.15087935
pitch: 26.550186
name: bank
