world: world
x: 320.5101039552402
y: 68.5
z: 860.6522511639822
yaw: 343.34387
pitch: 7.049775
name: city
