world: world
x: 1815.6703498706313
y: 28.0
z: 542.3000000119209
yaw: 359.85016
pitch: 16.800417
name: cray
