world: world
x: -1014.9912114505879
y: 63.5
z: -197.92917443502162
yaw: 1.3459473
pitch: -5.0999765
name: labirint
