world: world
x: -954.9658714725948
y: 63.5
z: -199.89867906277297
yaw: -88.49805
pitch: 0.90000707
name: pvp
