world: world
x: 1583.4664786162577
y: 92.0
z: 2795.5711841106345
yaw: 205.49988
pitch: 3.0000052
name: TOPSHOP
